1 1193.58
2 492.478
3 672.527
4 807.693
5 1545.92
6 759.151
7 1525.17
8 1283.49
9 935.543
10 1082.25
11 1061.1
12 1572.46
13 904.421
14 1263.98
15 321.335
16 1010.11
17 792.764
18 1187.74
19 1480.14
20 912.856
21 954.93
22 309.052
23 1462.11
24 950.171
25 901.051
26 337.385
27 1428.95
28 788.224
29 1429.29
30 722.119
31 777.562
32 1202.31
33 757.493
34 1326.96
35 1279.23
36 939.093
37 1574.07
38 528.995
39 1064.74
40 1183.38
41 1049.62
42 1211.78
43 640.169
44 1321.7
45 638.003
46 697.198
47 929.181
48 466.786
49 1362.35
50 1196.99
51 812.042
52 1490.89
53 1138.06
54 534.585
55 1019.81
56 847.583
57 525.455
58 875.838
59 392.893
60 998.351
61 1161.54
62 1234.6
63 831.521
64 982.806
65 314.303
66 1152.72
67 1394.44
68 180.042
69 1031.35
70 37.742
71 1073.61
72 1207.14
73 813.532
74 1739.03
75 925.638
76 949.672
77 1241.36
78 517.545
79 700.23
80 1706.57
81 49.7063
82 906.761
83 876.6
84 759.044
85 889.285
86 632.342
87 1015.06
88 1406.66
89 816.64
90 1236.23
91 994.473
92 337.457
93 1105.53
94 488.718
95 784.182
96 1384.81
97 443.045
98 691.623
99 1332.46
100 862.854
101 1480.94
102 828.517
103 1117.79
104 1137.58
105 323.763
106 1112.14
107 1246.95
108 1298.72
109 1322.34
110 1679.07
111 224.014
112 945.751
113 1114.09
114 163.692
115 676.285
116 852.884
117 743.624
118 1488.32
119 800.121
120 632.209
121 1139.36
122 508.711
123 1162.85
124 779.507
125 1324.18
126 748.908
127 1019.92
128 1035.63
129 929.61
130 1399.45
